266.71
-0.14
267.59
11.57
271.59
6.33
269.72
30.34
23.28
136.35
9.87
-7.37
115.20
253.20
116.82
257.08
252.98
214.87
249.26
242.57
158.96
3.76
17.76
117.31
258.72
33.96
26.42
119.53
13.30
243.45
140.03
147.27
143.04
17.32
124.63
128.60
158.87
4.65
243.50
156.89
6.03
32.12
133.70
220.40
-7.71
7.08
260.92
18.63
223.26
135.27
243.57
232.70
16.36
247.90
227.68
165.48
253.51
140.05
-0.27
256.12
-4.78
124.30
124.74
21.15
253.83
221.20
139.74
250.88
263.29
258.32
132.31
227.52
-5.69
265.27
124.43
241.05
-1.81
156.16
149.92
120.93
130.05
121.04
119.28
0.32
230.04
255.45
13.17
133.02
21.98
126.36
28.91
129.87
239.34
14.54
149.11
226.75
167.18
39.87
224.85
151.33
809.58
1463.25
904.76
1611.36
1231.25
738.74
1330.09
1406.69
842.91
1296.63
845.79
1475.06
1375.61
1442.27
1423.43
1430.82
803.75
837.25
1195.51
858.12
1570.24
1499.36
961.51
1196.89
884.72
1528.36
735.69
840.09
749.97
761.37
1393.49
1018.37
1065.21
833.89
1296.38
677.21
1113.65
1319.84
1407.20
922.35
824.77
1062.00
1147.16
726.28
1073.02
1315.16
1569.07
1490.08
876.33
1376.01
851.82
1467.33
1080.68
1384.44
1307.35
1020.16
1229.48
1168.06
708.80
840.58
1248.98
560.96
1141.65
965.17
1398.10
1306.42
710.37
756.03
1567.65
413.06
637.21
944.97
895.79
1169.22
1255.03
1316.08
1467.28
807.47
646.00
925.72
1423.86
1221.38
1045.72
1586.60
1100.19
1068.92
905.76
880.89
989.21
1385.02
1494.74
1225.78
992.81
646.85
582.84
1154.37
1043.45
546.22
564.48
938.60
1961.16
1654.95
1630.56
1106.81
1522.99
1921.53
1206.99
979.22
1171.77
1630.02
1534.35
1370.61
1455.01
1180.00
1882.11
1628.62
1691.80
1253.73
1621.69
1515.15
1045.79
1417.49
2022.33
1818.90
1673.68
1328.21
1369.33
1870.28
1143.93
1743.45
683.88
1529.66
1134.18
1670.32
1070.78
1910.37
1131.84
1647.03
1583.33
1498.14
1219.09
1495.51
838.30
1582.55
1686.86
1693.85
1723.14
1923.01
1684.55
1719.31
1359.57
1235.46
1701.17
1661.55
1936.61
1165.23
1490.00
932.02
1503.85
1289.99
1650.36
1767.99
1792.76
1316.12
1726.22
1774.65
1655.93
1337.67
1471.64
1895.30
1595.09
1743.87
1504.76
1143.25
913.08
1060.92
1812.74
1393.64
1541.01
960.64
1876.03
1239.23
1512.69
1957.75
1639.27
1697.00
1941.76
1192.99
1790.80
1191.24
1727.70
1784.73
1862.55
1975.27
1090.63
1567.70
1099.58
1987.69
1714.41
1809.95
1349.58
992.51
1219.32
933.71
1247.45
777.55
885.06
1342.17
1315.90
1448.75
1002.46
1190.19
1134.87
1084.23
1116.58
805.70
1097.24
660.21
1056.79
936.05
1401.65
801.43
861.70
1350.34
1425.39
1026.35
1274.94
1491.55
985.07
1046.77
486.67
623.56
725.84
1611.54
1285.71
844.57
809.13
568.03
1036.44
1134.38
621.11
798.03
1264.63
1329.64
868.99
1077.78
1324.06
567.19
924.94
1187.45
1545.74
1134.02
735.79
1182.53
695.40
742.52
1265.04
1374.90
634.35
688.41
786.20
1048.28
1640.81
1332.52
529.11
1536.94
1398.31
885.32
709.00
1044.55
1047.11
1019.93
1382.35
1258.19
1325.80
1120.81
1289.42
663.23
826.17
1249.27
803.37
1072.71
1206.43
574.28
1281.25
896.90
1605.70
404.88
944.88
1291.63
751.50
1050.81
782.46
1247.57
1593.13
1163.44
1333.86
977.59
1169.22
1524.86
1107.22
698.28
1006.25
1223.60
914.57
680.92
1061.86
950.23
506.91
1271.35
755.02
1107.75
834.29
909.42
887.09
697.69
1350.29
457.68
1391.35
397.58
1112.00
665.00
759.06
814.41
839.35
882.57
1284.61
895.53
432.89
1393.78
477.40
818.35
1135.71
1108.42
744.88
1503.20
764.12
988.64
682.79
1029.86
1020.75
958.83
668.84
688.73
628.14
1204.65
474.36
1016.29
1262.11
674.19
283.64
321.04
413.60
724.63
1112.65
715.40
979.67
844.08
532.96
739.37
1020.76
976.95
881.45
824.29
1282.69
585.82
1063.79
1085.91
1142.76
384.46
767.66
938.99
1150.08
997.25
850.46
1007.34
1058.81
1213.59
1082.18
504.67
685.73
795.09
329.91
405.50
991.97
768.41
1265.65
959.16
751.09
1230.73
572.53
473.80
546.23
904.23
494.28
383.99
1044.79
882.74
1008.55
850.04
989.91
940.21
670.08
282.21
1009.24
280.90
970.27
633.25
938.54
551.68
882.48
713.51
678.35
515.58
333.32
894.65
807.12
1249.40
902.26
545.00
1132.75
932.79
1221.08
513.03
660.20
524.83
627.27
756.36
1080.87
453.92
696.06
1009.02
776.29
723.13
343.93
761.88
1154.32
394.17
1141.79
620.85
804.21
989.34
840.99
182.51
543.83
500.69
1170.97
1188.54
494.32
966.44
1365.48
1108.37
1213.99
1340.33
1161.72
562.50
774.58
869.23
1137.13
1310.02
898.12
1339.57
1027.91
757.78
1355.34
760.28
852.26
722.86
1041.25
1298.71
719.31
619.27
954.18
1414.13
1207.34
758.26
1403.91
766.48
1237.34
632.85
713.93
1092.19
727.63
692.63
867.60
1410.76
1287.98
1058.20
1067.68
1230.99
1458.94
1021.29
1143.96
1465.45
789.31
1305.66
1342.47
1219.08
954.66
1265.50
1355.32
853.52
1475.49
1328.09
701.01
1335.35
929.59
596.39
904.20
1425.87
946.07
1160.15
1147.44
1438.04
1356.15
919.56
1054.06
1281.14
1305.60
721.69
1418.57
524.86
1337.89
595.88
913.50
1250.22
1292.03
838.72
1400.82
1028.81
942.89
805.31
804.06
1342.78
992.39
765.67
1440.79
1339.51
738.61
1448.51
540.81
1113.06
823.06
1087.69
1091.60
1124.88
712.87
1247.08
1392.00
886.85
1641.96
1722.11
1850.02
1664.54
1840.69
1931.27
1766.19
1888.58
1684.96
1889.50
1869.41
1838.91
1813.16
1905.12
1929.19
1877.07
1853.20
1771.52
1824.34
1915.25
1872.48
1791.75
1664.17
1879.93
1744.43
1844.59
1715.06
1758.15
1755.48
1787.78
1901.59
1736.96
1850.58
1889.11
1728.33
1908.47
1754.68
1895.27
1973.78
1752.12
1742.59
1885.30
1875.19
1716.38
1772.60
1949.43
1837.63
1907.47
1887.34
1798.87
1779.02
1886.36
1680.09
1827.63
1909.36
1912.23
1862.45
1702.13
1754.39
1653.24
1849.52
1852.46
1858.88
1866.28
1884.46
1932.90
1866.40
1815.82
1947.05
1760.01
1837.65
1725.86
1840.55
1904.03
1933.78
1766.17
1764.68
1757.48
1896.13
1756.87
1902.58
1610.87
1776.28
1970.88
1639.18
1648.33
1917.33
1644.65
1740.37
1725.89
1776.81
1809.08
1879.52
1809.24
1821.77
1809.93
1919.55
1667.95
1718.85
1883.59
1222.66
1208.19
852.35
1821.17
1424.08
792.84
1302.80
1384.62
681.64
1353.42
1961.56
1606.71
1785.50
1747.02
1551.75
2003.40
1676.08
1798.37
1741.19
1593.17
1333.28
1978.89
1716.96
1791.71
1503.94
1362.33
1590.65
884.91
1924.18
1472.72
1609.58
1544.64
1737.74
1055.94
1497.49
2006.02
673.27
1831.44
1507.23
430.12
1946.22
1718.47
1241.04
681.64
1298.31
1728.97
1956.83
770.11
1533.61
1333.88
1525.55
1304.91
1354.73
1915.65
1638.44
1080.30
1435.87
1865.92
1484.86
1887.80
1386.71
1117.76
687.34
85.81
1354.85
1335.22
1288.35
2024.41
1204.34
844.54
1553.44
1358.14
1328.30
449.92
1585.42
1617.47
1480.40
1709.91
700.93
1494.71
1157.66
1022.57
1367.62
1663.21
622.64
1647.69
1355.13
1612.27
1023.10
1731.11
1889.53
924.09
1429.07
1314.41
1438.16
1609.76
1822.52
1290.93
951.61
1125.05
1465.06
1832.71
1677.39
1679.93
1787.82
1898.80
1800.89
1821.18
1337.88
1783.77
1410.13
1164.96
957.83
1373.37
1381.80
1347.95
1576.36
1424.47
1379.47
1726.99
959.30
1532.96
1680.76
1212.86
1284.17
1846.00
1032.13
1586.36
1566.70
1815.17
492.73
1341.31
1377.25
1083.11
695.55
1347.18
1136.87
1147.48
1721.92
1195.50
789.57
1376.93
824.35
1809.95
1107.16
1999.66
1924.38
1160.59
928.80
1582.02
1672.63
1479.81
1794.95
1857.29
1435.40
598.51
1557.54
733.24
1294.61
1770.18
1832.33
665.33
655.51
1361.38
1668.77
1200.39
854.65
1620.59
1471.80
1842.62
1751.63
1869.25
1028.46
1833.71
1460.01
1412.75
1724.31
2084.94
1485.46
1825.97
1072.09
1876.50
1842.70
1653.95
1631.91
1487.17
525.59
1047.00
887.10
1528.16
2047.19
1757.53
1374.25
1316.27
1055.43
1423.27
1777.32
1863.28
1326.69
1703.85
1465.63
1428.17
1884.81
1461.92
1070.29
1762.94
1346.53
1512.85
1610.73
2049.15
1524.96
1585.17
1668.11
1528.59
1598.35
1965.93
1768.08
2032.99
1666.88
1144.53
1074.40
2116.84
1887.72
1940.55
1390.91
1567.26
1014.21
669.77
1418.79
1652.32
1311.58
1180.57
1361.07
1854.99
1968.79
1564.29
1734.18
2007.09
2092.48
1788.54
1596.58
1611.11
1821.51
1394.78
2049.35
1546.75
1225.53
1788.04
1795.06
1802.87
690.21
829.51
2018.44
1562.69
1629.23
2167.93
1565.53
1768.28
1560.87
2027.58
1231.61
1848.84
815.55
1637.02
1661.39
1709.04
1215.35
1554.92
957.95
1853.21
1668.42
797.12
1582.10
1889.54
665.01
1362.32
1748.18
1923.45
1780.30
1336.64
1009.87
1110.24
889.36
1404.38
1281.89
919.78
1782.42
1028.79
1225.31
1716.15
1576.66
1029.87
1766.77
1328.38
1136.60
1472.74
609.61
1447.29
1173.22
1755.68
764.58
1476.30
947.02
1922.06
1422.17
1397.06
1679.13
1728.37
990.72
1867.14
1630.19
1112.72
996.94
1670.19
1667.21
1140.66
1656.17
1614.46
1604.01
1583.01
1348.53
1603.42
833.62
1395.12
1356.80
1643.13
1225.13
1592.81
1698.72
1059.70
1485.98
1261.01
1613.56
1578.81
1337.04
641.65
1224.80
1921.83
1611.51
979.05
1918.22
1302.29
1145.46
1573.31
1613.48
1364.39
372.80
985.16
1871.23
1647.28
1083.73
1092.61
1812.93
1208.76
1616.00
1758.57
1631.78
1399.07
962.86
1829.59
1678.57
1641.71
1840.00
1562.07
1524.49
1629.29
1738.91
821.38
1673.83
1553.80
1467.41
1420.53
1872.92
853.67
1705.87
1344.32
1726.67
1823.62
1566.89
1618.40
1413.20
1935.34
1628.20
1115.56
947.55
1238.74
1241.73
1466.19
1758.11
1837.03
1466.68
1204.29
1182.84
1103.46
1416.07
1312.61
1660.04
1714.79
1805.67
1329.14
1619.78
1555.19
193.07
2158.74
1362.00
1591.36
1734.71
1738.77
1822.40
952.41
752.00
1241.15
807.50
1746.70
1773.42
1822.02
517.01
1365.12
1663.98
1492.74
1667.93
1510.22
1328.60
1863.96
1098.39
1635.53
1508.58
1470.03
1944.99
1687.59
588.62
1674.59
738.14
1655.13
1776.18
1680.91
895.99
1455.28
1319.99
1003.57
1583.57
825.34
1573.36
1581.43
1490.89
2059.87
1789.81
1590.08
1287.25
1143.48
1664.31
1242.33
1617.05
1404.32
804.02
1175.39
1391.66
1005.68
1914.58
1267.82
1885.86
601.58
1725.71
1540.77
1741.46
1552.00
386.78
817.85
1878.91
591.21
1155.06
1574.10
1418.45
1762.15
1389.76
1870.21
1352.70
1655.94
736.19
1602.76
1491.60
1199.74
1465.11
1537.48
1533.23
554.55
968.33
756.07
1447.24
1599.62
956.96
1278.14
921.65
1136.74
1233.78
1477.93
1829.29
2048.77
1902.03
1313.38
1953.97
1889.03
1098.85
1150.17
893.73
1162.91
1540.69
1269.96
1783.57
1782.09
1566.23
616.84
1548.97
1254.51
1613.71
1632.99
1950.11
1246.57
1589.76
897.45
1548.18
1277.31
1111.06
1533.10
1424.90
1623.80
1889.91
960.13
1251.73
1661.61
836.69
1538.49
1287.53
898.05
1664.54
1494.91
1890.14
1084.62
440.55
1084.77
1511.53
2006.26
1796.11
1849.03
1356.37
1504.54
1626.22
1534.96
1436.52
1517.86
1858.45
1360.38
1700.42
1419.50
1682.13
1749.40
1784.43
1789.86
1339.84
1025.90
955.46
1409.25
1589.97
925.70
1859.60
1487.26
901.91
1501.99
1687.50
1512.59
1197.51
965.92
1520.07
1224.01
683.50
1394.37
951.34
1370.02
1302.13
1330.50
1692.81
1101.80
1387.04
1343.87
1149.80
1597.79
1808.52
724.61
1654.19
1261.87
605.40
1287.92
1025.27
1440.08
1111.40
1492.99
1362.38
1379.13
1217.10
1749.71
1076.14
1632.14
1210.26
1676.79
2033.07
1914.12
1621.82
1194.60
593.45
1704.50
1425.76
1616.83
1242.28
1658.19
1778.42
1645.64
1564.26
1428.50
1104.58
1972.04
1724.73
1876.68
1295.63
1390.20
1572.72
1563.35
1461.71
806.79
1767.84
1530.16
1704.87
1392.01
967.15
1761.89
1714.76
1360.86
1907.34
1613.15
1490.30
653.45
1460.06
2027.72
1414.49
1578.47
1991.63
1599.29
1442.51
1833.77
1451.27
1620.17
1426.10
1540.86
1515.57
1832.36
888.99
733.91
1696.53
1569.65
1388.47
406.87
1312.63
889.75
1006.43
1793.76
1035.58
1537.78
1707.93
1648.15
1322.72
1904.07
1464.70
1082.21
1501.71
1799.81
1568.63
1693.28
1696.58
1326.75
809.78
1531.04
1615.83
1222.38
1525.77
1716.19
1482.63
1329.31
1613.98
1436.69
1638.33
1763.27
1107.33
1902.24
1430.39
1952.33
929.53
1810.05
1499.16
2053.39
1205.63
1156.34
1890.82
1693.97
1571.22
959.56
1296.92
1939.67
1422.22
1556.52
1378.87
425.92
1644.41
1135.50
1435.21
1319.94
1992.25
1330.26
1403.28
1677.10
1158.01
727.56
1412.43
1348.05
1377.06
1623.48
1143.11
1017.69
1504.80
1445.45
1658.84
1293.38
1983.80
1434.60
1201.82
1092.07
1554.61
1752.88
1570.59
1437.87
1534.81
643.28
1675.16
928.56
837.24
1332.33
1760.16
1508.48
1911.77
1335.25
1599.02
788.61
1565.02
1836.28
1004.44
1931.70
1359.75
1727.44
640.61
680.27
1553.91
1163.50
1733.40
1193.93
1872.23
1590.56
1389.76
1781.01
1190.88
1000.82
1787.34
1580.45
647.27
1250.08
728.70
1042.39
949.96
1441.65
1426.78
1567.43
1627.38
767.56
952.42
658.98
1458.52
1062.86
1504.59
1049.22
2125.98
1604.52
104.66
1534.28
1307.41
748.18
1272.44
1621.29
1022.63
1887.50
1582.16
1722.50
938.36
374.50
1407.91
1194.86
1495.65
1450.55
1124.72
1567.79
317.24
466.61
1710.05
1653.18
634.25
892.24
1102.02
1566.34
1421.28
1425.80
1888.28
347.06
1209.04
800.84
1464.28
1512.87
1780.22
1555.17
1484.03
1879.38
1467.63
1918.39
1218.24
1621.13
910.67
1412.20
1511.51
956.38
1447.01
1506.81
1566.46
1693.48
1564.36
1608.47
1504.37
1071.40
1270.83
1243.38
923.20
1764.85
1639.91
1413.32
1451.75
2167.49
1718.38
1670.59
454.74
1177.39
1237.35
2155.57
1482.57
1039.19
1557.78
1026.36
1918.16
1684.93
1861.57
1725.93
1535.43
1064.15
2121.67
1779.96
608.62
1268.17
995.55
1371.69
1552.40
1538.13
1372.33
1692.51
1371.61
1810.09
1453.79
1063.02
1375.36
1578.99
952.03
1370.66
1533.47
1126.96
550.99
874.44
1281.33
1237.14
1557.84
1099.09
1686.41
1649.35
707.88
1617.27
1451.65
1438.97
1287.54
1231.62
1770.51
1578.45
1928.07
2115.39
1868.24
1489.00
1458.43
1213.84
1441.31
1571.88
1718.45
1763.52
648.17
1754.71
1856.49
1780.95
1736.79
1342.95
1277.49
1202.45
1098.78
1777.77
786.98
317.25
1120.89
612.87
1241.54
1057.08
1021.36
761.13
769.11
1540.05
1336.98
613.72
1283.19
1570.14
929.90
1757.75
1833.99
1424.26
1722.34
447.80
1461.35
1438.96
1020.72
1292.11
1536.68
1220.95
1928.25
1443.89
1550.01
773.62
2029.17
1333.16
1903.54
1006.68
1426.47
1310.79
1546.47
716.60
1351.92
508.30
1442.58
1729.64
2005.84
652.86
1722.53
750.84
1168.29
1150.43
1215.95
1632.65
1225.44
1519.94
1515.22
1024.69
607.13
1205.26
1832.88
1759.60
1158.60
1803.32
1930.36
1699.32
1037.70
1578.51
1605.08
907.36
1620.55
1262.34
1523.24
1457.84
1436.72
1665.82
1617.00
1449.99
1769.05
1761.38
1605.25
1445.64
1189.23
1582.28
1899.26
978.18
1729.96
1151.71
934.00
1574.60
1499.99
1874.46
1131.79
1116.88
1258.22
1190.94
1748.15
1307.24
2087.75
556.33
1222.52
1464.14
1450.71
1440.94
1759.61
1886.09
1561.73
1344.42
1286.26
1794.37
1679.78
599.02
1869.82
689.74
1002.27
1733.70
1014.57
1491.51
546.84
1836.78
1498.82
1974.27
2017.33
1316.84
1679.56
1504.33
2040.81
1716.25
1557.60
909.65
824.24
1518.63
909.05
1743.17
1472.00
1337.87
2034.09
1661.10
1720.95
1670.07
1108.30
1685.59
1682.89
1890.28
620.34
1001.85
1034.87
1472.66
1809.89
1863.37
1559.50
1848.77
1647.43
1494.20
1597.61
1722.90
1528.14
1818.02
950.21
1270.61
906.97
1846.66
1547.39
1718.53
708.35
1297.93
959.00
1182.98
1304.95
1136.74
381.26
1346.90
1293.68
1572.32
1186.22
746.46
1124.83
1740.31
521.21
794.86
1689.01
1794.99
1391.45
1717.95
1520.88
1792.81
1629.40
1655.02
1675.52
1284.43
1808.49
1672.85
1242.04
817.26
1078.81
1201.94
1524.20
580.50
1647.75
1774.07
1672.80
1313.10
1431.10
980.40
1683.17
2040.91
1494.03
1257.56
1916.15
1103.87
1242.61
1460.30
1663.60
976.39
1081.65
1862.98
1604.63
1908.03
1241.33
1561.88
1636.18
1667.25
1986.17
1592.20
1712.82
1666.70
1355.56
1878.77
1440.02
1582.25
1426.41
1497.45
1506.75
1450.90
1018.79
685.06
1601.09
1597.81
1177.43
1004.11
1075.44
1593.58
1268.59
613.32
638.51
1673.81
1810.34
1549.36
1447.29
2054.39
1989.57
1855.15
1327.46
1509.56
1026.91
1474.67
1132.79
1700.82
690.47
1506.43
1064.50
1627.62
1930.37
1373.04
1669.14
1161.78
1536.47
1711.61
583.29
1301.35
1299.10
1567.77
1588.72
1539.64
763.69
1342.33
1553.66
133.98
706.59
1682.73
1650.77
940.50
1168.16
1809.07
745.80
713.28
1590.41
1751.63
1718.88
1853.36
1807.85
1303.03
1589.70
1295.52
1712.63
1821.51
1632.03
1615.40
1943.09
722.16
1629.51
1260.07
1568.56
1571.02
848.45
1371.09
1475.91
1601.67
891.32
1438.02
1995.38
1503.08
903.64
1405.12
1360.90
1528.50
1938.46
1801.83
542.17
209.42
923.61
1649.45
1751.80
1911.68
1537.77
1427.21
1830.45
1656.38
1806.83
698.45
1810.36
1757.39
1447.56
1689.73
1937.41
1343.69
1953.44
1508.49
1216.60
1333.98
1057.39
1551.39
1643.76
1769.78
1196.73
1560.66
303.34
1872.72
1450.65
1392.98
521.52
846.06
1809.68
1712.55
1632.66
957.11
1757.86
1312.11
921.54
1782.76
1417.63
1013.61
739.66
1120.97
1818.85
1914.49
1339.47
726.18
1060.09
1010.93
994.09
1554.26
1165.53
1399.86
1318.90
1616.45
1433.50
1734.78
978.61
1534.98
1933.03
1656.41
547.88
1886.47
1553.47
1881.69
1799.99
951.17
1056.62
668.52
1682.67
1801.48
920.60
1183.53
1560.22
518.76
1069.72
851.25
1620.99
1624.10
1851.45
1083.44
1162.80
1235.14
1421.62
1880.13
767.51
1841.08
1309.56
1447.62
574.59
1569.74
1512.01
1807.57
1761.30
823.03
1637.07
1053.09
1835.57
1449.82
1641.61
1514.97
657.67
1104.01
952.05
969.84
1356.00
1394.17
1673.91
1464.20
1426.72
1499.36
1293.98
1378.20
1426.26
1824.64
1103.83
1830.26
1647.69
1808.12
1462.75
973.37
1449.09
2011.38
1762.53
843.80
1601.17
1365.70
1707.24
1539.11
1525.09
1728.39
1384.14
1530.46
1503.73
1924.16
1012.98
1470.94
1009.33
1825.11
1742.83
521.17
1622.66
1848.73
1819.42
1474.37
1341.12
768.38
1179.40
1889.38
1156.59
1715.08
1239.87
878.97
1483.98
1645.93
1447.71
1753.06
1196.92
208.86
1027.25
1754.70
1870.53
1555.49
1538.06
2005.25
1368.06
1479.51
1726.83
1727.37
1241.36
1441.83
1393.56
1553.26
1107.30
1563.39
1403.60
1201.70
958.83
600.53
1716.31
1224.26
1516.96
962.44
1064.68
1362.64
1655.79
1041.98
1309.24
1782.04
836.34
1946.57
1134.15
821.62
1620.30
1037.55
1740.18
2006.26
1076.13
1716.37
1906.63
1848.45
889.18
501.70
941.40
1475.08
1664.00
692.19
1871.99
1878.89
1206.68
1690.42
982.03
754.47
1672.52
662.73
115.15
1228.21
1762.28
1646.42
1576.77
2002.33
1718.41
1787.86
1557.22
1427.98
1361.90
1524.78
957.62
1537.80
1646.06
1634.42
1344.66
1761.91
1159.14
1625.17
1521.94
1373.52
1333.11
1187.69
1754.77
1084.38
1616.05
2126.78
772.09
1793.67
110.46
1961.84
1311.17
1715.89
1685.41
943.26
1794.52
2021.99
1608.41
1436.00
679.71
1573.13
1681.87
1509.32
1351.86
1708.63
1055.42
1763.77
1583.80
1184.05
233.99
1863.83
411.81
144.16
1372.01
1013.06
1912.26
1644.45
1345.22
1978.04
1587.17
1515.72
1520.36
1180.88
966.74
1771.03
1149.27
1530.64
1264.19
1431.78
1671.17
1565.60
1625.53
796.20
1502.16
1381.92
1806.10
965.07
667.48
1193.64
1025.10
1300.22
1094.02
1737.31
1454.53
1722.30
960.82
1771.37
761.06
1984.70
1886.41
1601.94
1146.40
1445.16
805.26
1910.53
1350.62
936.87
1708.85
914.08
876.67
607.81
922.44
392.36
1903.53
1865.40
1516.13
1397.55
1205.59
651.50
1507.17
1770.92
1150.09
526.39
1612.41
1643.75
512.67
1329.22
844.49
954.09
1212.49
1793.41
1020.16
559.91
1246.35
1980.74
1464.39
1825.22
1896.76
1403.45
1594.98
1887.67
1274.73
863.93
1119.05
1770.03
1346.49
1676.97
1059.86
1682.82
1776.33
1683.95
986.60
1880.41
1785.21
1411.05
1830.71
1382.80
930.69
1794.83
1326.93
1214.17
1550.84
1836.38
1500.63
649.74
1510.71
912.67
930.35
192.34
1542.71
1843.38
1695.19
1261.39
1366.95
1812.54
1882.99
1541.65
1200.29
1454.88
757.12
1685.32
1754.59
1192.48
1789.75
1340.97
1758.11
1817.11
1681.70
807.97
800.62
1508.51
1791.58
1575.57
1179.30
1575.92
1227.27
1133.52
1919.47
1663.56
1919.65
1677.80
869.40
1856.07
1378.67
1690.60
1032.70
1620.76
1108.60
1053.21
1602.95
1673.07
1610.52
1545.22
1727.84
1198.80
933.78
1052.74
1857.68
1681.02
1660.74
1361.35
1144.23
1188.15
809.93
1763.50
1095.80
1921.52
966.77
1627.63
643.30
1438.30
1116.03
912.14
291.49
1626.39
1815.38
714.67
1210.73
2046.00
1831.14
1245.49
1952.91
1537.45
1523.04
1560.10
1538.91
2016.06
1140.37
618.74
1968.33
1639.71
1634.92
1701.40
2168.25
1616.29
1480.21
1669.10
1380.48
1184.27
1344.09
1237.13
1667.61
1450.32
2096.51
1635.32
1562.26
1757.03
1512.68
1297.65
1839.26
1048.62
1401.49
1395.93
1664.64
1950.76
685.53
1211.22
1421.89
2106.07
1874.35
1026.53
1911.22
1750.00
1643.99
1632.27
914.30
898.99
1757.14
380.56
1850.57
1991.80
1968.91
1753.59
1516.37
1623.43
1498.05
1804.62
372.03
1689.00
1221.11
1168.61
1883.14
1470.95
1257.45
1643.83
1651.18
1512.17
1396.66
1641.18
1450.19
1789.20
822.89
1349.78
1210.86
1192.04
630.43
822.78
884.99
1575.29
754.74
1573.37
917.20
1669.74
1902.14
1893.96
1491.35
1976.97
1530.00
1379.24
1731.72
1849.72
1128.79
548.66
1221.03
1583.33
1600.38
1751.99
1906.51
738.76
582.47
1896.35
1034.81
1697.76
913.90
1784.75
1101.84
1742.93
1276.18
1049.09
1276.94
1481.76
2015.67
1275.39
1899.65
1509.69
1443.60
1491.69
1674.99
1926.62
1716.96
1626.16
1284.76
2067.35
1098.97
737.20
1544.27
1289.48
1553.89
988.55
1260.02
1294.96
1537.03
1626.16
1635.68
1336.96
1390.69
1581.57
525.27
1595.29
1594.33
1925.64
2033.40
640.73
537.33
1525.80
1985.05
1154.13
1960.85
712.68
1174.92
1435.65
844.52
2018.31
1282.30
1150.28
1772.11
1824.64
1503.55
953.03
790.49
1409.25
1632.31
1901.88
1590.08
1719.69
1727.24
967.68
1843.58
1616.03
1410.38
1898.84
377.49
1611.30
1342.44
1719.63
464.92
736.59
1963.57
1899.27
1379.73
790.39
1564.13
1867.22
1693.47
1366.36
1552.59
1575.11
1193.94
1628.51
1686.07
1489.48
1065.27
1293.24
782.95
1674.70
1924.66
1524.66
1878.88
2097.78
1906.03
1511.84
1672.63
886.27
1018.56
1522.54
668.42
1547.97
1363.03
1939.94
1050.24
1738.32
1470.85
1697.95
1632.74
1484.53
1815.32
632.81
875.63
614.21
1500.03
904.72
1880.51
1764.42
1944.72
1642.39
1256.16
1188.71
372.77
1026.04
1788.21
1615.39
1680.72
888.74
943.21
1416.38
1280.57
1603.14
1085.53
908.73
1507.18
1418.85
1807.62
981.16
1470.88
473.48
764.62
1710.41
1364.26
1789.04
1565.29
1718.15
1616.32
1853.38
1965.64
1280.49
1891.34
1487.60
1723.27
1078.37
1526.33
1662.70
208.45
1998.58
1845.76
1203.92
1493.70
1080.87
1735.06
1200.99
1481.31
1493.91
1583.52
753.10
1815.32
1626.49
1620.15
968.61
1147.15
1854.51
573.83
1688.08
1880.43
1080.96
1333.94
1845.63
1520.47
1000.72
1683.12
1206.99
1148.82
1421.75
1899.89
1094.65
1206.32
2091.46
1562.39
1210.92
1553.47
1728.45
1299.64
1025.55
1507.25
1046.71
762.10
1301.97
1427.67
471.77
1742.67
334.34
1495.33
1116.24
1719.45
1826.40
1756.58
1493.23
1593.32
509.95
752.87
1459.39
1937.44
1217.91
1628.90
1778.88
1575.60
1340.37
1542.11
1260.18
1653.93
266.54
2070.77
1343.30
1023.69
778.80
661.86
1970.20
1352.72
1465.02
1956.17
1776.08
1278.28
1617.78
1651.00
988.48
1778.70
1610.10
1629.29
1661.97
1547.92
1987.01
1540.60
1657.03
1043.48
1028.83
1539.20
1781.00
1381.26
956.74
1909.65
1502.69
1520.52
1713.72
1566.13
1480.10
1223.69
1452.71
1302.21
1992.85
1248.98
1562.39
1597.88
1528.01
1971.64
1407.76
1505.95
1504.92
1678.41
1289.95
917.01
1142.07
1645.83
1427.57
1928.28
1608.60
1287.34
1000.09
1083.97
1030.46
1937.83
1524.93
1231.25
1896.03
1387.36
1731.18
2122.66
1826.04
1659.65
1567.39
1666.70
1161.19
524.53
1624.10
1983.81
1826.23
1577.63
2076.40
1707.28
1867.14
1204.48
1043.00
1227.25
1757.49
1668.46
1716.15
1245.12
1685.38
1567.98
814.46
1755.32
1467.27
2009.41
2002.13
1137.92
732.44
1602.57
1829.90
1698.75
1630.47
1071.46
2022.33
1854.69
1850.71
1454.58
1713.00
2062.60
373.92
757.77
1424.90
1050.74
1508.01
1215.43
1713.55
992.44
1207.02
1315.17
1326.95
1722.92
1672.44
1338.70
1207.02
1627.94
1734.47
1526.28
997.81
2026.62
1581.67
1501.11
1263.05
1458.63
1781.08
1358.26
1240.73
428.42
972.22
1553.71
887.78
1415.38
1582.68
1505.74
2028.57
1941.43
1810.61
1544.81
1547.13
1453.92
1904.27
1509.21
1752.95
1931.53
2010.88
1468.61
1744.22
1601.99
1652.54
1663.96
1140.76
1194.57
1961.92
1736.36
1488.02
945.05
1524.95
2116.50
1484.39
1659.67
1517.13
1965.66
862.60
1655.58
583.83
1190.42
1722.45
846.67
1440.13
1691.28
1942.96
1912.90
1684.78
1124.55
1046.47
1346.41
1866.85
1894.78
1605.44
1699.82
1346.92
983.61
1583.77
1276.85
1562.19
1158.32
1546.61
1907.24
1911.41
1910.19
1549.83
894.03
1761.28
1193.94
1626.13
1289.16
1745.60
1183.22
954.63
1236.88
1600.65
1479.43
1576.32
1056.77
1594.21
1701.15
1593.50
2097.41
1764.96
369.92
1345.70
1022.40
1383.58
1915.53
937.77
1627.60
1801.58
1116.51
1324.09
1824.21
1799.11
1502.55
1519.45
432.54
917.97
1225.15
1541.30
1554.85
1614.98
1748.91
1604.05
1454.82
1725.30
624.95
1650.02
1847.05
1983.79
1904.28
1900.24
1581.24
1023.19
1023.34
1577.85
853.48
1362.91
1537.26
1585.44
887.15
1769.59
1946.35
1082.28
1848.64
960.64
1098.54
1741.04
1290.89
1893.86
1866.82
1687.97
1061.96
1590.52
1016.51
1310.58
1588.54
1257.56
1614.35
1592.78
1097.26
924.42
1485.30
874.55
1800.12
1227.19
1272.36
1558.56
1510.67
769.50
1167.37
1577.08
934.15
649.27
801.63
300.81
1421.21
1749.74
635.87
1671.63
1664.36
1592.48
1435.76
1757.24
1846.52
835.30
1449.70
1977.80
1489.02
1714.88
1339.84
1421.62
1720.45
1412.46
1268.88
1098.64
1474.70
1638.94
1419.85
1193.66
1614.57
853.33
994.77
1088.51
1528.51
1083.74
1268.76
1022.55
974.25
1400.40
991.59
1006.04
232.30
1546.20
1037.77
781.16
1998.80
971.84
1896.18
1300.04
1590.08
1815.30
1407.04
968.95
1821.59
1669.70
1713.88
770.08
1132.10
1065.72
1662.41
555.49
1390.10
1540.19
1453.38
1989.73
1203.37
1067.78
1747.09
1416.02
2021.77
1855.22
1527.06
1658.36
1643.58
815.57
1526.46
895.13
1652.89
896.36
184.82
713.81
1370.06
1566.49
1682.87
1000.94
1440.84
1478.26
808.50
1398.23
1642.56
1544.46
1667.93
1812.25
648.86
1654.49
805.80
1779.59
1082.31
1322.24
1051.48
1884.51
1291.46
1332.16
1974.22
1643.37
1293.07
1899.11
1623.97
1518.65
2133.43
1677.54
1089.82
1625.73
1409.42
1519.97
1180.90
1618.41
1210.37
1667.85
1600.98
1810.58
1803.00
2076.68
2070.07
864.57
1477.51
1587.79
1450.49
562.08
906.38
1232.55
1980.44
1424.56
1440.16
1786.01
953.19
1634.92
1616.77
1785.09
524.45
1024.90
1785.07
1581.81
832.60
1054.25
1981.49
1849.15
1746.92
1831.98
1356.50
597.83
1929.66
1426.15
1206.68
1994.37
1363.61
1794.45
1136.22
1601.09
1749.35
1848.60
1787.58
790.46
1544.39
1298.88
1789.44
1986.41
1378.80
1574.06
1449.10
1626.33
884.84
896.95
1185.46
1389.48
1712.11
1060.32
1862.70
1346.44
1452.39
1386.97
1443.51
1407.32
1113.22
1933.75
2006.81
1210.63
834.76
1103.72
1413.68
2176.70
821.92
1713.08
1409.26
2009.33
1522.43
1939.48
848.39
1450.38
1406.17
1191.64
1388.81
1138.40
1008.44
1497.37
1249.35
1718.32
1531.96
1510.71
1614.21
1393.54
1635.85
1360.04
2137.80
1552.53
1469.97
1137.30
1294.63
1849.77
1545.56
1589.66
688.37
1353.11
1691.84
1563.30
1859.85
2036.94
876.74
1511.90
1784.33
1566.25
988.11
1927.92
739.55
1603.62
1689.12
1574.44
1319.43
697.28
1155.27
1682.57
901.40
1651.02
1586.40
1368.39
1746.77
1260.27
1880.79
1525.92
1619.78
1633.25
295.49
1301.67
1171.08
1741.23
1799.13
653.96
1335.26
1290.24
1556.45
1983.59
1325.37
1940.69
1949.89
1169.13
1679.07
1924.40
1505.70
1600.09
1359.16
1213.73
1942.10
1336.60
1345.41
1366.86
1678.26
1397.05
880.80
1427.98
1950.85
1039.09
1358.57
1602.05
1535.83
1601.83
804.36
847.22
1722.68
1645.44
1339.81
1286.48
1969.30
1634.67
1806.48
707.01
1591.79
892.55
1211.24
1398.42
897.81
730.79
1435.19
680.97
1811.40
1377.22
1267.49
1812.93
1349.76
1667.20
1438.84
1399.82
1389.58
1541.61
1454.75
1622.70
883.58
733.93
980.66
524.62
2123.52
1698.12
1156.97
1329.26
308.97
1092.82
1363.55
1295.60
1249.85
2020.96
1251.56
1307.91
1545.80
1942.44
1711.37
1511.09
1645.15
1280.32
1613.96
1693.38
1467.75
1658.81
1692.18
624.34
1604.77
1314.41
1082.47
1819.41
1758.21
1904.53
1263.18
1683.12
924.63
867.87
1851.32
1328.55
1563.67
559.23
1292.49
1676.70
1086.92
1700.51
1712.68
1813.52
241.59
1529.03
2143.89
1976.54
985.57
1332.09
1629.51
1840.90
1544.68
1988.76
1353.08
1496.78
733.89
1461.91
1207.69
785.40
1481.66
107.77
1755.59
838.17
845.34
1523.04
1330.57
1836.24
1350.42
1872.94
1926.86
784.84
1929.45
1649.60
1864.33
602.60
828.87
1672.21
1751.49
1713.71
752.51
1743.71
1956.56
1186.16
1121.02
762.21
1645.28
1817.66
1725.66
2052.16
1700.87
1608.23
647.03
1211.73
1743.24
2131.49
1650.87
1802.52
908.08
1692.92
1409.39
1947.32
1351.54
1261.95
1651.21
1828.82
856.12
1768.37
1503.38
1378.82
1706.73
1287.10
1283.94
1514.35
2042.84
688.78
969.78
1998.37
1712.04
728.19
1496.95
1470.75
1565.08
1774.41
1846.59
1400.67
868.54
1625.42
1616.36
1701.06
1011.27
1389.29
1089.81
1394.64
1348.57
1558.18
1989.70
1607.97
1039.19
1610.36
1617.29
1172.08
1366.35
1871.82
1817.07
1640.52
1607.66
1593.00
1976.93
1687.12
1979.11
1838.19
1214.17
1612.98
1556.33
1247.16
1808.34
1604.27
1809.66
1428.06
1653.20
1797.23
701.23
1405.74
780.61
1684.88
1756.01
1717.08
1366.86
760.14
1293.76
1487.35
1295.43
1333.06
1911.91
1818.09
1194.38
1887.20
835.56
1568.82
1051.20
1537.82
1190.72
1104.11
1710.40
1463.29
1240.42
600.35
1519.23
1392.18
1462.82
1809.54
1655.07
1405.79
1770.02
1675.72
1500.12
1501.75
1451.60
1322.56
1365.79
1915.72
995.31
1107.18
1646.91
674.07
1779.89
1559.04
1597.89
1299.61
1863.33
1450.40
1894.85
1828.76
1042.65
1733.62
1055.59
818.48
1399.26
759.98
1631.49
1868.12
1638.35
1481.38
1798.23
256.77
1632.42
1198.62
1279.06
1713.42
1087.19
892.49
1797.01
1013.56
1355.44
1662.04
750.94
1575.21
740.51
582.39
1482.00
1550.66
1281.35
1588.18
1564.98
1173.16
1888.72
1547.98
1721.67
1733.11
1461.46
1448.65
845.42
1687.60
1969.64
668.99
790.11
995.40
1767.01
1876.90
1153.33
1985.05
1435.85
1273.15
2021.43
1269.48
1995.03
937.61
1454.73
1508.81
840.18
1791.03
1297.80
1133.12
1744.61
1407.73
1008.10
1811.26
2026.20
1678.78
1500.73
1099.37
1119.47
1232.47
1484.91
1234.26
1984.61
1634.54
1284.77
1247.49
933.86
1732.04
1499.88
1225.32
1407.67
1849.24
2190.80
838.56
1754.34
1575.12
764.23
305.80
1558.63
1335.63
1337.39
1139.82
696.09
1731.48
1726.23
1508.99
1734.52
1561.35
1387.18
1051.12
1600.31
1063.53
1159.57
1477.14
1086.86
991.97
719.74
1136.76
1743.12
2061.91
1793.39
1951.51
1241.90
1707.18
1458.55
1160.27
1400.99
1848.36
1172.71
1813.70
1498.99
1981.56
1492.06
1423.89
1437.20
1894.50
954.02
826.10
1337.14
1549.25
1038.46
1117.79
1216.36
1289.90
1630.59
1444.70
1326.11
1842.53
1474.48
1689.18
157.29
343.35
1791.25
1730.69
906.09
1943.14
993.28
1189.81
735.30
1658.13
1182.40
2095.96
832.89
1512.10
1442.03
690.24
1854.93
1165.75
533.86
1332.12
1728.29
1662.16
1318.99
1900.97
1407.44
535.58
1957.21
2065.03
1376.35
1732.62
1282.05
2113.67
1201.11
1895.61
934.86
1332.19
886.44
1254.00
1615.31
1525.15
1255.81
1521.83
576.92
877.07
1527.57
1268.26
1832.04
1908.13
1665.70
852.95
1366.10
1164.17
879.53
1667.35
966.78
1460.79
1534.46
1411.65
1389.44
1858.97
892.24
849.21
1921.28
1301.03
1739.70
1056.71
845.16
1917.15
1145.79
1478.52
1781.47
1663.25
1208.47
164.38
1894.42
1420.90
1670.94
1363.01
1624.98
1236.14
2063.71
1775.64
1624.80
1701.06
1795.77
867.27
1892.79
1614.06
1499.36
1718.15
1723.67
1597.81
1373.72
1820.59
1802.23
1131.90
1758.63
1331.42
890.10
937.85
1510.89
2024.41
1185.99
745.76
1663.65
765.17
1710.95
1497.85
1176.30
1526.41
1618.79
1594.98
1027.57
1626.59
1293.49
1183.30
1180.10
1464.00
1437.87
1595.89
1135.36
1242.15
1021.87
1930.06
1124.52
1474.08
1257.14
2128.62
1740.59
1270.34
1837.13
1232.24
1794.17
1611.56
1213.47
1404.59
1588.16
1288.72
818.03
1717.47
1324.67
911.28
2061.71
1259.01
1786.67
1028.30
1653.11
1143.91
2049.82
1413.76
1996.27
1665.46
1592.44
1655.23
966.76
1620.44
784.45
1405.16
1137.49
1209.75
1176.14
1828.04
1817.46
1630.75
1172.79
841.14
1515.17
2109.46
1690.18
676.61
1135.50
1086.03
1603.75
1473.25
1634.78
1567.48
1502.08
308.34
1603.83
1731.25
1360.84
1634.68
972.13
1792.23
1628.81
1172.21
580.72
2186.80
1093.27
1717.19
1587.10
1424.42
1980.21
1351.58
1569.42
1744.95
272.11
1315.72
361.80
1637.64
710.89
996.34
1829.65
1684.49
790.90
1429.01
1572.04
1965.47
1922.04
416.65
1540.85
1090.99
1933.38
1390.17
1940.84
1672.71
2036.94
1576.97
1730.73
1190.26
1352.74
688.63
1726.19
1608.02
1126.72
1188.61
1601.11
1432.70
1719.28
103.04
1754.00
1556.32
1156.77
1155.10
672.72
1404.40
1209.04
1233.84
1323.63
1111.59
1485.28
1406.21
883.18
1632.73
1618.73
1371.09
1575.93
1355.55
1696.62
1855.15
1186.06
1216.87
920.05
1629.14
809.18
767.01
1340.38
919.45
1821.15
1455.57
1053.21
1691.05
1136.07
2030.77
1237.65
1074.01
1291.69
752.25
1318.41
1374.89
1322.48
1782.05
950.50
1269.44
1380.35
1607.33
626.11
1477.96
1406.87
1022.74
1875.53
1841.25
1063.18
1380.97
1255.11
1732.92
1718.66
1322.49
1337.75
612.94
1886.76
1291.44
1694.39
1242.14
883.17
2068.60
1423.88
1474.95
1197.77
1700.29
1503.46
1385.72
1337.92
984.41
1400.11
1402.20
1499.58
1371.40
901.19
1246.70
1156.54
1195.62
1342.85
1548.45
1906.04
1653.58
1306.33
1915.35
1050.86
1623.98
1201.09
1745.05
1292.10
1286.70
1629.66
1662.18
1558.95
908.08
1152.01
1809.04
1889.05
1652.80
1486.88
1972.20
1679.98
1664.27
1677.01
1566.69
1540.21
1757.12
1634.66
1266.26
1380.77
1601.05
1297.09
660.44
1101.24
1660.56
1173.65
1687.62
1836.36
1643.05
1529.77
914.44
1572.85
1872.10
284.53
1501.21
1329.12
1605.47
1612.69
1165.99
1315.58
714.67
620.67
1269.14
1664.50
1990.19
1665.74
1598.47
1357.43
1603.63
1697.41
1901.06
939.94
1710.83
688.85
848.79
1174.62
1574.74
1034.68
1652.82
1235.41
1582.20
1682.53
1731.29
1166.85
1451.92
1675.43
1143.52
1694.23
1892.01
1801.74
1011.20
1146.16
1751.01
1428.23
1312.00
766.41
939.75
1454.08
1708.06
1016.66
746.57
1126.98
1809.66
1416.26
1356.96
1005.62
1917.36
1533.45
1691.54
1706.37
1420.26
1219.20
644.11
1422.80
810.35
802.18
1632.86
2101.88
1278.58
2098.45
1018.42
1368.14
1112.72
1017.34
1148.93
1194.81
1536.31
1570.04
975.09
1502.08
1876.74
1360.07
1240.86
1743.63
1690.92
1904.38
1340.07
1075.87
1434.75
1573.15
1254.69
1307.46
1630.88
1154.71
438.13
1605.83
1632.29
781.54
1110.94
1309.58
997.46
1608.70
1453.58
1193.55
1288.70
1613.05
1472.19
1681.47
1856.10
1355.91
1392.29
1547.56
1719.50
1807.15
1645.78
1871.72
1707.72
1800.78
1209.47
1490.95
1266.48
1238.14
1718.78
1308.27
1216.42
1601.81
771.79
1647.49
1107.11
1106.71
1104.24
1982.78
1538.28
1491.70
1598.85
1331.34
1523.19
952.48
1476.85
1080.01
1519.47
1712.87
1064.39
1286.48
1333.43
921.68
1151.50
974.70
1456.06
1675.36
1113.79
1234.22
689.94
1647.98
518.98
1170.80
928.90
1474.13
1677.05
1738.11
1877.86
1348.39
1955.00
883.65
988.76
1971.28
1533.69
1310.02
1337.07
1632.88
1216.19
1998.09
1591.89
1035.63
1711.75
2180.88
1906.62
1511.78
1470.07
963.60
1538.41
1214.51
1509.79
1478.42
984.18
546.11
2008.91
1469.70
788.04
1379.04
1671.80
1162.02
1668.10
1883.02
1029.55
878.84
1393.31
1608.14
619.28
615.49
520.76
1811.51
1760.47
1399.15
1917.11
1226.47
1846.51
1686.78
1317.58
1562.73
2034.49
1668.36
1384.93
1618.45
784.25
817.53
1664.16
1544.14
1614.33
1525.99
1127.97
1700.47
1807.06
1640.51
1901.26
1670.99
1730.18
1406.72
2082.14
1876.23
1207.44
897.46
612.80
1748.52
998.43
1582.37
1556.61
1458.58
1001.57
1348.48
1373.82
1433.98
730.06
1493.90
1820.91
912.53
1827.00
1205.18
1655.17
1512.74
1098.54
1013.77
1545.81
1389.31
1575.99
1464.09
1248.74
1672.70
1415.71
1439.65
1382.78
1813.90
1068.93
1616.66
1622.28
1578.37
531.58
713.41
1859.54
915.80
740.89
1632.09
1109.28
1593.18
1642.99
1446.59
1668.35
1629.45
1651.58
1930.28
1883.02
1346.08
1461.10
1462.04
1572.76
1183.27
1124.65
1598.91
1321.41
1179.91
1548.07
1669.23
1200.27
1643.24
1780.55
741.72
838.29
1798.44
1401.64
1333.32
1792.70
1635.94
1220.60
932.88
1772.03
1300.66
1004.99
1917.51
1529.41
1917.54
1437.14
1659.65
1074.80
1485.82
1627.22
1715.57
1889.33
1101.87
637.99
1406.56
1661.86
873.80
880.59
1881.91
1147.76
1736.88
1298.70
1736.64
1954.45
1620.70
1001.79
1495.91
1767.44
1228.16
893.89
725.80
1225.96
1755.89
1683.57
788.70
1444.40
1458.78
1655.68
1520.03
1923.62
2091.72
1888.94
1503.71
2078.28
979.38
1024.04
542.57
1620.84
1514.88
1298.57
1613.35
1533.39
1915.84
1841.40
1805.02
1368.42
1432.73
1513.83
1721.65
1797.05
2011.72
1325.05
871.64
1600.47
1410.25
1083.84
1439.67
1401.57
1938.41
1178.01
1118.06
1307.47
472.49
1402.69
1601.56
1615.40
1368.94
1330.73
1203.78
1501.73
1143.47
542.82
1594.09
852.81
1589.26
1025.31
1822.21
1062.72
1629.82
1909.30
1751.23
1653.81
1913.08
1271.58
1675.07
669.71
1430.82
2122.34
1054.76
1268.80
1464.76
1673.09
248.99
1543.53
1451.81
1224.66
1939.30
2011.40
435.28
1635.10
361.27
1473.80
1241.37
1743.15
1445.73
1828.68
1870.33
484.69
248.40
1380.68
1210.38
1290.97
1424.67
936.88
1734.56
844.07
1821.59
1587.86
891.04
778.72
1109.16
1599.46
1696.98
899.52
1630.91
1589.79
1193.37
705.72
839.69
1635.83
1317.96
1123.55
1369.12
854.64
1725.73
770.88
1248.63
1545.36
1722.12
1813.53
1702.08
1378.44
850.45
1700.73
685.63
1589.46
1208.42
1520.83
1301.01
1257.36
1560.28
1549.73
1535.53
1479.38
1876.96
1786.27
1768.42
800.36
1890.55
1387.77
1427.20
1973.43
1664.67
1643.37
874.49
1177.19
1375.93
1760.80
1365.45
1789.34
1865.08
855.89
1466.43
1613.40
1821.01
938.82
1016.12
852.24
1406.55
2113.62
863.59
1780.80
1518.20
1337.74
540.82
1656.96
923.90
1537.70
588.96
1233.91
1170.14
1218.29
1679.53
1916.22
813.08
1702.20
867.52
587.32
1517.82
1247.88
823.94
1556.34
1690.86
1179.84
1576.84
1273.07
1201.19
1493.99
1465.82
1207.75
1322.47
1259.97
592.87
560.96
1650.77
1172.49
1222.00
1095.64
1442.14
1119.04
851.91
1620.68
873.58
1065.58
1370.28
1643.93
1605.11
988.73
1469.69
1714.82
1812.05
1405.10
1788.04
1356.26
1648.88
1759.59
1064.47
1587.86
1443.24
1705.65
1398.33
1216.15
1686.77
1301.00
1887.24
1940.83
1978.99
1869.29
1779.36
1285.49
1609.45
1684.95
1381.82
1537.45
1013.72
1701.07
2115.53
1724.11
1929.54
1316.38
977.52
1396.08
1683.40
1574.71
1771.92
555.19
1389.01
641.41
1400.25
1815.98
1420.67
1664.14
992.41
709.19
1581.14
1365.44
1434.23
1522.71
1344.20
2018.52
1535.01
619.31
1252.92
1724.67
1230.90
1472.31
1644.72
1622.07
1177.88
671.77
647.84
1742.94
1023.10
1600.93
1950.67
1644.78
1561.18
1972.32
876.64
1308.42
1573.95
1301.44
1350.03
732.76
1750.36
1747.03
1460.99
414.13
1171.75
1515.41
1551.85
1150.44
1862.56
930.93
632.79
1266.63
1327.03
1924.66
1456.19
1144.33
1878.70
1746.07
1732.99
1366.13
971.04
687.99
1538.87
1519.72
1574.13
434.55
1793.96
1675.65
1827.39
1602.98
1636.92
1094.01
671.85
1827.05
1654.47
1646.97
1375.49
1272.40
1440.75
1205.12
839.31
1877.40
1176.71
1259.06
1203.96
968.31
970.87
1542.48
2042.36
1435.84
667.17
1389.90
1098.34
1553.02
1578.30
1266.67
1761.58
1429.12
1466.69
1949.01
1549.27
1034.40
1464.55
2075.76
1230.74
1588.29
1525.72
1175.87
1338.03
1428.16
978.10
1569.38
858.65
1343.44
1117.95
1222.05
1563.45
822.06
1332.53
2065.99
830.10
2000.37
1109.40
1248.04
888.01
1657.98
1762.45
1408.69
1419.72
1257.46
1095.58
911.82
1870.23
1250.42
1857.12
1570.99
1703.40
1068.75
1454.63
1489.79
1802.21
1202.91
1386.60
1571.10
766.85
1775.87
1844.78
1759.51
1721.51
1682.99
1181.05
1836.54
303.45
1470.06
999.85
1347.91
774.13
1911.80
1333.75
1541.86
1031.78
1789.95
1004.36
8.39
1004.77
1187.55
1896.46
2063.92
1917.42
1646.59
1854.91
1199.72
1539.58
1041.16
1290.77
1603.42
819.62
801.67
1543.22
1291.76
785.84
1489.69
1713.27
1477.52
1542.62
1859.71
1303.52
2040.12
1738.34
1487.78
1644.37
1444.21
1457.01
708.31
1101.14
569.75
1531.93
1690.97
1627.70
1530.80
1302.00
1295.84
1325.80
712.35
1698.64
1739.12
1485.25
1891.74
1555.69
1285.88
1750.64
924.56
1163.09
915.34
1630.11
1357.16
1127.47
1050.70
1810.86
1671.62
1582.05
1439.89
937.07
1854.40
785.26
1320.80
1494.87
1220.94
1414.69
1392.18
1357.00
1089.25
982.27
2082.47
1523.81
919.80
1893.81
1307.17
1647.11
693.62
1755.73
1545.27
593.84
1199.23
1498.40
137.22
1538.56
1290.28
1466.20
1651.64
1438.34
1275.22
1658.98
1944.30
584.51
1635.49
767.04
1576.76
1502.71
1174.20
2051.82
1757.54
1771.27
1394.85
1396.63
2052.61
1219.09
1732.85
1338.28
1353.16
1263.56
1886.02
374.42
912.42
1052.81
1017.36
1668.40
736.57
1171.14
1947.19
1409.47
1340.05
341.29
1322.57
1205.79
1095.20
1058.84
754.78
1655.90
1501.87
1870.65
1452.45
1752.83
851.42
1550.39
1716.51
1721.73
1532.14
1962.30
1118.48
1470.03
1433.82
1160.70
2134.91
1797.82
1565.47
1093.53
1708.14
732.02
1385.11
803.23
1700.86
1551.07
1321.87
1469.82
1665.47
2071.60
1739.38
301.46
1642.66
1727.29
1371.62
1016.20
1439.82
1485.74
1447.82
958.97
1970.28
1642.92
1529.24
1717.14
1982.77
1540.03
1320.39
1620.89
1549.61
1299.80
471.70
1743.39
1827.92
1394.70
1325.50
1673.44
759.32
451.91
731.95
1910.04
1178.17
